0.117780015614432,-1.06219062331424,-4.88192762966571
-0.325769486358364,-1.37923636107169,-4.77523960584452
0.138348038957948,-1.53791082382115,-4.75201674380773
0.590941931224926,-1.33820914753083,-4.71584159295733
-0.398870132110324,-0.345398761831443,-4.943557679027
-0.838679808779474,-0.616287096043284,-4.76091863706031
-0.37517616286178,-0.861365076258632,-4.88539232010122
0.0946878122246619,-0.575544482870441,-4.96425660145622
0.583250738848053,-0.836319484006475,-4.83276539095098
0.567706032935395,-0.328877849325537,-4.89863133753185
1.01367347248325,-0.607677876350826,-4.66652619703903
-0.406424700742449,0.172057530007169,-4.95091506727416
-0.856065396236006,-0.0896224386086349,-4.7912711297895
0.0813843120086522,-0.0771294073174562,-4.99756467801598
0.554673151068919,0.188231966944,-4.91018851164176
1.00334213690103,-0.101678489982712,-4.71097497964376
-0.401854935102801,0.691134654240657,-4.90650148379296
-0.850881077000288,0.440187082385486,-4.77442437302846
0.075664622144184,0.425906743120122,-4.98023094861738
0.54243728414216,0.716059382287713,-4.8651752910941
0.988941105793515,0.400212019067051,-4.70352539575741
-0.832817890319357,0.975179860744509,-4.70344527661312
0.0807623016496259,0.923988032541318,-4.91203907987956
-0.394685978015681,1.20402801889593,-4.80807680769648
0.961941438915624,0.895689102954391,-4.65052429572144
0.523600085617988,1.26427777133561,-4.75815661322911
0.0593802243542602,1.39848522487818,-4.7994212776211
-0.560641555865513,-2.16132154532633,-4.41084810111285
-0.851507476025556,-2.44642477141371,-4.12321918490348
-0.375716487522092,-2.67124469991575,-4.17999194341348
-0.0986647932881665,-2.35782429176182,-4.40608938516302
0.183379642516324,-2.7449753138235,-4.16793703852773
0.354907196188024,-2.28283444022175,-4.40894323891057
0.680632897648846,-2.61338151838188,-4.10894153455844
0.848889599956898,-2.14205236025473,-4.29067679673583
-1.12594257356404,-1.41998208388234,-4.41159068060847
-1.43940772991196,-1.6628427102927,-4.0595186055844
-1.01702474955512,-1.92534052061969,-4.29184098499996
-0.653333904216387,-1.67975225373093,-4.58178472680671
-0.120287199552415,-1.91297724624347,-4.61522766139265
0.466712565433749,-1.85852534461819,-4.57611475758569
1.28301432908481,-1.88836826722769,-4.10627491869247
0.939515334243652,-1.64766438584735,-4.45345798330619
1.65460155941047,-1.61108202730413,-3.84703456205323
-1.21670527822357,-0.885571308655369,-4.48370602869014
-1.52957348415457,-1.14506764412994,-4.14607585220622
-0.789648217745296,-1.14441265190376,-4.68596331233584
1.01222067186835,-1.1180014092964,-4.57208788301956
1.3948889799141,-0.863096640202132,-4.34169316783274
1.34953973498284,-1.38610258661014,-4.24495830621526
-1.25331703610616,-0.354653108859727,-4.52889366859779
-1.59125359572258,-0.61532614019632,-4.19378062716864
1.40074279099084,-0.353319372419937,-4.40737361527714
1.73367379512045,-0.592492807086944,-4.03732515662895
-1.25558488805018,0.177675791903826,-4.53754150997337
-1.6089752561206,-0.085097023638689,-4.21919939941819
1.3931396116996,0.149144287791047,-4.42566824070891
1.74189408964299,-0.0938772675389149,-4.06975030697449
-1.23046112451118,0.717021281624058,-4.50335751124316
-1.59037031794258,0.449573464894576,-4.2156983027814
1.37005168601098,0.655332380408648,-4.39960622846031
1.72089091311566,0.410604758772223,-4.07493688063916
-1.16278329418298,1.27862209352929,-4.42824902877403
-1.52887667991011,0.999318539241587,-4.18430486176487
-0.737398889530693,1.52674564552428,-4.59984905080834
0.947296091908198,1.36362380295322,-4.54398899653291
1.34207621828367,1.1568099191333,-4.31955376959028
1.68790670407143,0.924696442148264,-4.028767421124
-1.03127083383835,1.82712499988212,-4.32520442401495
-1.4406165724228,1.56521180788802,-4.09697185305534
-0.276229703586171,1.74496492228868,-4.66295454225132
0.271276598917224,1.80061140280702,-4.64256170244724
0.725578990155584,1.77983698419316,-4.51328903258604
1.21078467954767,1.68430217767903,-4.2533404785976
1.59665420351511,1.45964573977223,-3.97341572473648
-1.29260431272578,2.09505507399731,-3.99619333305824
-0.580680200630485,2.06953494736812,-4.44751476887855
-0.866771977702799,2.36347219027409,-4.16258001365397
-0.0484698863022922,2.19936820721,-4.48957164674036
0.479514659099386,2.23689484276008,-4.39972670182189
1.43849092875043,1.97770679652576,-3.91672593759028
0.980497247816664,2.14129963936313,-4.21240431946593
-0.362990231300831,2.54553753149614,-4.26077849412253
0.180971043224064,2.62809107338776,-4.24289566802137
0.727822857787441,2.58845070563574,-4.10225078733392
-0.654892342437797,-2.94267976988028,-3.89220906248779
-0.953465030083763,-3.15055678910892,-3.54241816619838
-0.450814526497935,-3.36333825736388,-3.6226257889145
-0.109641279775977,-3.0796227343378,-3.93478481811562
0.0642544448458328,-3.4405532914747,-3.62644793489307
0.467212081045878,-3.07359966630032,-3.8660874218715
0.506833481281164,-3.4696144111357,-3.49974567473332
0.890050320446343,-3.21749547218994,-3.52805843113272
-1.12023850531809,-2.68272763404824,-3.78378696574829
-1.52751387626437,-2.38788681473484,-3.58002953068668
-1.37630034944511,-2.87553947151807,-3.38667960006484
1.17113292890346,-2.37133109677224,-3.94549378692592
1.00007239518611,-2.8212803267393,-3.77653244774189
1.46350008174432,-2.54801569917723,-3.54373832360281
-1.2901968915576,-2.17390619116367,-3.95603598405449
1.58482651659077,-2.08788479878861,-3.69646612596655
-1.80005951347866,-1.38410114470243,-3.75282145540404
-2.1053592731361,-1.10857881534512,-3.38503299416474
-2.01609212681808,-1.62243290831007,-3.32822469350007
1.70160040604393,-1.1078085342386,-3.96608880549825
1.96456249870942,-1.3308389125443,-3.5366676844618
2.22401910477406,-1.03673192786064,-3.1914844635573
-1.87213931885476,-0.866409350472095,-3.80965692248895
-2.15694855328875,-0.59039897395012,-3.42461976671449
2.00225278431938,-0.825580126961959,-3.63073839698238
2.27584761067555,-0.585570452497247,-3.20463044381901
-1.90571070992002,0.185116149004373,-3.85714712285015
-1.90894552742424,-0.34149938298523,-3.84199858081069
2.02443741347436,0.161528661770334,-3.6864090535172
2.0354793250196,-0.336399310656999,-3.65759662260193
-1.85970400642149,0.720135047515841,-3.85674264994347
-2.14654915285928,0.449960606713348,-3.46387688124006
1.98843808481093,0.670484671880983,-3.68339973232521
2.25299047438959,0.407228840655052,-3.27631788775701
-1.77285958964422,1.26552372144131,-3.8298573991462
-2.07871237870765,0.977956154523547,-3.46997097326379
1.92053377533866,1.20677913931396,-3.64664088058642
2.1923311297957,0.926114051934878,-3.28503205298584
-1.97539353949739,1.50683822477738,-3.44819527958076
-1.68328843404289,1.82948101293104,-3.71244894050716
1.80818321632003,1.73817455756336,-3.59120189182457
2.1099528073647,1.46550558648759,-3.2381942694527
-1.13231878778653,2.62172465698228,-3.81641764054773
-1.52255722942304,2.32879328781803,-3.62454569530367
1.21780761343995,2.44305618297578,-3.86159011275282
1.64284988714191,2.23959737130898,-3.53370970857772
-1.35634851009811,2.86281127518182,-3.41966165280295
-0.665096852373153,2.84630432992536,-3.95850868877093
-0.949063277548416,3.10344846566742,-3.58700495548497
-0.128352117670314,2.9731432658404,-4.01430657453925
0.437912135183098,2.98422946071261,-3.94483058042716
0.970345349672228,2.88468717680006,-3.75008098598005
1.43157499390719,2.7011020098547,-3.46572514948025
-0.435763010983121,3.26975870270448,-3.71230487265118
0.133022854998481,3.33215317548745,-3.72123665136151
0.690024600221721,3.28429292844014,-3.59037959815282
-0.771211175299767,-3.55498165051225,-3.27260993790821
-1.07332794338222,-3.68988421121286,-2.86088503598382
-0.556176246063795,-3.90639885485193,-2.98006583493477
-0.220832006195832,-3.74612719401973,-3.2910587633794
0.03912958832634,-4.08865909517075,-2.87725801473047
0.27548120435144,-3.8090155025652,-3.20633679376879
0.637373899319688,-3.98498587519378,-2.82691136883247
0.800357242134092,-3.66583325806525,-3.12766696558373
-1.25213078438668,-3.29689291963772,-3.12656513945965
-1.65758026650941,-2.96959894147359,-2.92392488550072
-1.50839229132642,-3.39526131714406,-2.67433527923466
1.33462309819761,-2.9639444558978,-3.35666549199737
1.16505507735704,-3.38012331841841,-3.1311883405707
1.52564389117276,-3.2006849921612,-2.87925160311883
-1.89876470456923,-2.12934852034611,-3.23282107301413
-2.27113606980505,-2.13409662726855,-2.47339640694745
-1.73568132519585,-2.57309642187954,-3.16399592075608
1.8327101789359,-2.27636999239302,-3.23852833368684
1.70903326168095,-2.73794386156802,-3.06436695348302
2.0395235937635,-2.4175428038622,-2.75697033515952
-1.69085723011678,-1.89969431917595,-3.66735598255787
-2.16417954178001,-1.91127866384394,-2.88735360539359
1.92575725433412,-1.80026685131814,-3.38489829652145
2.14383993512332,-1.94195870051091,-2.90895028685221
-2.28244407960708,-1.37129551081592,-2.94084574346812
2.21292163609892,-1.46822748985803,-3.03997840183664
-2.35491095953901,-0.84016818514193,-2.98155284075409
2.43949771145974,-0.973653273526015,-2.74244956597102
-2.17295334958359,-0.0718682874965532,-3.44658217257463
-2.5774284665593,-0.0321857489788109,-2.55847695967185
-2.3913204066804,-0.322380547044691,-3.00193094988291
2.27930197539975,-0.0970987538602309,-3.24952490721143
2.47682432170834,-0.416108204162484,-2.79036472419759
2.63787200631676,-0.0940710844143628,-2.37956900015068
-2.38631241030804,0.191059809729107,-3.02414895882923
-2.33956407359568,0.706106785411432,-3.04911130055752
2.43021120989631,0.646748867607882,-2.85943428724696
2.47097383010209,0.122639684503279,-2.83278119774805
-2.26345175853906,1.20595715209566,-3.05196948301805
2.35393397769782,1.16186750718525,-2.87374022183036
-1.90076569266525,2.06429079563713,-3.27151979851663
-2.14982206527515,1.6933192349616,-3.04869110148498
1.99179043941564,1.98336802152188,-3.16956941956009
2.26600173086016,1.70364482683596,-2.79899292630951
-1.70178126999002,2.53445903916386,-3.24529007683067
-2.1879673270965,2.04384306920297,-2.74315965370379
1.83224179355001,2.45183804497836,-3.10856633676625
2.16754784663153,2.16907932640462,-2.69153533628941
-1.96499813297949,2.47109676098426,-2.85798463595194
-1.24541668610809,3.30424044925694,-3.12625774555458
-1.64052912428162,2.94947707115091,-2.97063161772679
1.18246541436683,3.14578949291518,-3.34963455352477
1.61423828174719,2.91414275681826,-3.04459114543987
1.97543017761181,2.64304851300745,-2.67852657178029
-1.31362628450966,3.59906026100397,-2.69321238910559
-0.754909755340244,3.49721659480872,-3.34461534639555
-0.940194020178456,3.74642363570985,-2.91699368789234
-0.178630802002621,3.62296735102631,-3.43299746040169
0.394677624803807,3.63429033319545,-3.37034688732768
0.906979316009462,3.55375659756612,-3.17581204642484
1.37713617642674,3.35174799693338,-2.91508465774674
-0.463368266172246,3.84896613817028,-3.09661792605354
0.109787100670753,3.92705785024383,-3.08945553599754
0.611111862254805,3.91671639903411,-2.93631574001884
-0.910916249974916,-4.0244148752291,-2.54934749590367
-1.14240728414014,-4.13402096337637,-2.06992957531239
-0.660945487013566,-4.33687938835753,-2.23114497523893
-0.412114068601713,-4.18182773600546,-2.65340244913981
-0.0919700385862035,-4.38759883737668,-2.39279766182356
0.411138593134167,-4.2757040451775,-2.49976267146803
0.215066738307385,-4.54568550557128,-2.05140458808015
0.734859498026482,-4.37432409089608,-2.08931505805659
-1.87308318423448,-3.0026045317869,-2.49773850744458
-1.73502567095619,-3.43706767904823,-2.19649316360026
-1.35164510565151,-3.77541057342423,-2.38147626263201
1.197978174955,-3.68657022047206,-2.72445728298717
0.961143800467433,-4.05889677731589,-2.44115813665786
1.42522367859474,-3.77116950625446,-2.26624902171356
-2.00469874909312,-2.48582913485766,-2.76717775870799
-2.30035555246408,-2.69868489373638,-1.73727138849923
-2.14183832801521,-2.6512728627912,-2.28643303651914
1.88858179094283,-2.89456589743453,-2.59111440790232
1.65367329950454,-3.36706343403202,-2.46306200452755
2.02948963730395,-3.00618771909999,-2.1264162302545
-2.37098392281719,-2.3056416270079,-2.01706693328253
2.19830401074009,-2.52736550325596,-2.27787179910345
-2.41335069365809,-1.60702021569735,-2.49779536034316
-2.61075273594441,-1.29891034491672,-2.09270534742341
-2.50480212310854,-1.8425450334,-2.04380930567957
2.4009880814009,-1.51502891981058,-2.58679536118069
2.31979705844649,-2.03058260040115,-2.43479748014963
2.53571117451904,-1.6680667505553,-2.08732153785592
-2.50605710948042,-1.06722423309797,-2.53292180915424
-2.69043573509968,-0.770990019251866,-2.07335097466923
2.58976039112417,-1.15506866004105,-2.24402603010137
2.74367563410678,-0.804453100717807,-1.85537648862021
-2.56260497518079,-0.54846239772205,-2.54119601124798
-2.72389465546862,-0.257295227868554,-2.07937330639878
2.62379663731019,-0.633860106823359,-2.3399020024549
2.76282656776803,-0.266294667908766,-1.93021352459288
-2.8177873040223,0.0981218251142983,-1.71319119632737
2.85814569640933,0.113069751814755,-1.51510969647781
-2.54493562262617,0.498079495481929,-2.60020978354808
-2.70336520127189,0.303608011936861,-2.14646516353647
2.61877396887117,0.423010077272249,-2.40231681636557
2.75827345512583,0.278831717136994,-1.9464630181635
-2.48611560564913,1.01254982291611,-2.60881871032908
-2.66194933029311,0.829381741289198,-2.15147952723718
2.56791644519965,0.912522403758257,-2.41869694072622
2.72496491469859,0.783492465492735,-1.93905507730814
-2.38457434450005,1.52482790743034,-2.62295907013869
-2.57662307316183,1.35117200779397,-2.17547814132907
2.47458517009969,1.40292168594491,-2.45395378380044
2.63341909905456,1.29654875934806,-2.01379266385775
-2.41948062807481,1.88905443532155,-2.27391237291873
-2.21713659343628,2.39083308346898,-2.37259557019685
2.27234674185605,2.36913636322131,-2.24587877256904
2.43619325176637,1.83536053551574,-2.26831132360937
-1.95092122432463,2.84364947289421,-2.51816905445513
-2.18524347033246,2.75923482896683,-2.03025402926768
1.7656293176268,3.10385272225129,-2.58969565598
2.09360003885073,2.81072406494536,-2.21909501086697
-1.89992496628578,3.21431918424689,-2.15433665136354
-1.6353828442968,3.26621978959282,-2.62730001660065
-1.56403470711458,3.63651935725705,-2.23175139305428
1.11716195288134,3.75025124950708,-2.73291194654005
1.52222628905207,3.55096011741013,-2.44010059690912
1.85956190196453,3.2976976394453,-2.12596254884263
-1.14078377095682,3.96668030339425,-2.37707420576239
-0.695903244613052,4.08830627667435,-2.63448778500005
-0.700713206021291,4.3327220274549,-2.20536476228131
-0.206989288165486,4.13498408439226,-2.78978385106331
0.286015290589437,4.22538290145367,-2.63038094867802
0.586598833851878,4.36177123978649,-2.24034000584557
0.848360671336365,4.08893363014263,-2.50627435299178
-0.32446224460064,4.58635555689398,-1.91648377943604
-0.223741960196434,4.37275185256938,-2.39582645211761
0.161857609494614,4.51738586571248,-2.12613570422781
-1.55486460371584,-3.83771122543783,-1.88584359381258
-1.70531358116745,-3.88177479516015,-1.36153751727403
-1.32703040441629,-4.2005792156786,-1.56953517223909
-0.872887199841787,-4.44804071491045,-1.76024312204481
-0.348351586718538,-4.56769266106938,-1.94912895389971
0.518289684338355,-4.6327198946688,-1.67084650713938
1.01999901341063,-4.41420995663341,-1.62010988887523
1.21359092127514,-4.12681297132181,-1.96933884016852
1.44221839438257,-4.14292084790723,-1.43472855380759
-1.89576328353838,-3.49477147556788,-1.67435527570001
1.61114849113094,-3.83144223575432,-1.76337640256814
-2.181006213977,-3.11423578359735,-1.44507272884059
-2.04363596299744,-3.07986786541521,-1.97817330550064
1.82065025980234,-3.43173277341088,-2.00387700083006
2.14527864667207,-3.09928444326645,-1.61570114346735
-2.52594964508184,-2.1957415462228,-1.56694789361501
-2.67983478203374,-1.85417928958324,-1.27018419373297
-2.42594884150056,-2.66301191592173,-1.24920478194936
2.4419569993871,-2.16872548206057,-1.93191955072984
2.30921767348196,-2.65166646007987,-1.77657061256296
2.63051343640123,-1.82137305699886,-1.56891251075024
-2.66183982774407,-1.59308349246942,-1.66746591396753
2.70371262022466,-1.31252161350758,-1.72382116847232
-2.76458617947832,-1.0484523656751,-1.63412600258306
2.83465986622494,-0.94474713239542,-1.33685625195887
-2.82898342931406,-0.509732906698592,-1.58404791496401
2.85561678960018,-0.442181694949673,-1.4672952040314
-2.89442790441471,-0.090481789283321,-1.31163574959889
2.92815972892582,-0.0784184786623165,-1.08482819583598
-2.79708119025324,0.648425958343953,-1.68734882001079
2.84587121621803,0.633134517637272,-1.44981576035338
-2.73090811997531,1.17348350186657,-1.70489326035297
2.77767257808002,1.13736607222624,-1.50816157279862
-2.59930440554369,1.72033555254087,-1.80906438225922
2.63676451484358,1.64949664850706,-1.72237786518804
-2.42099433263135,2.25555876437074,-1.90559856332966
-2.58263069556634,2.0949974845197,-1.4433501578577
2.47966842505535,2.10621345059715,-1.86654453829511
2.59977571930626,2.0695755597345,-1.39367094188442
-2.37675025119558,2.62820198829537,-1.54953200316076
-2.12468127813575,3.11219581935349,-1.66571210246276
2.1450262379989,2.99624622598853,-1.80043630304998
2.36696765086538,2.55129847864367,-1.71122075089582
-1.82425606954537,3.55551820891111,-1.76467992764337
-1.4628028376816,3.95098648056038,-1.85629705852354
1.28160858772326,3.93815267624745,-2.21999917793385
1.64546141397298,3.71701131462546,-1.91386346805504
-1.09910474903273,4.22770769629129,-1.9418664425814
-1.67441773771216,3.90862525955834,-1.39092168504607
1.02015456273388,4.26765494569427,-1.97389091642239
1.40621165905049,4.09178941886182,-1.66264693389181
-1.2568693195237,4.30411914487678,-1.44445350351846
-0.788238898243179,4.52133844494984,-1.68273831051482
0.140002395725463,4.71458271360556,-1.6487157227723
0.626912821771269,4.55671028895761,-1.77332173882258
1.07253532345972,4.43344353385191,-1.46601900284666
-0.042321993709194,-4.7315619993258,-1.61472772673196
-0.563001403189835,-4.69196338650825,-1.45086379449149
-0.242530175606566,-4.86078607337674,-1.09971241732028
0.25494690505164,-4.8221142992442,-1.25166445131215
-1.46827825552737,-4.23328916354386,-1.04442114956936
-1.17742444935446,-4.53939696714738,-0.736860324489544
-1.04735058098587,-4.5134155479415,-1.25778199263955
0.795197552804747,-4.65809714034585,-1.243235054637
1.22302219699881,-4.43463031150773,-1.08586389947308
1.5999955983315,-4.13342496176181,-0.896507724821471
-2.02209800032291,-3.51333290046008,-1.13951350701059
-2.11765607787415,-3.48882971020944,-0.6092731237932
-1.82041456545327,-3.88759522677443,-0.825409017287968
1.9420078742674,-3.49710026760595,-1.51465958251853
1.80890432714041,-3.80123499168207,-1.20886269815323
2.14991910961528,-3.32023682602016,-1.06616875419351
-2.29141197980959,-3.09065025082544,-0.928960452881231
2.36149680029181,-2.82276885354763,-1.24146443668401
-2.76609884354197,-1.76441729652741,-0.795746618307161
-2.60606567425989,-2.26453449730959,-1.00318903297285
2.51756147475591,-2.32528828669446,-1.4096656408949
2.69063872399287,-1.94762843568374,-1.0473391000594
-2.79592527569207,-1.36179815074514,-1.19627191586115
2.77944950076706,-1.44895119171266,-1.20052654230364
-2.87377787444614,-0.872501255895872,-1.13938054465878
2.88997075805532,-1.06291617054756,-0.818780147032884
-2.93084750131699,-0.44067636716844,-0.972143231026506
2.92704793637806,-0.554668226844037,-0.945212960632073
-2.95686856709552,0.0747942457525712,-0.8414840927487
2.97703274739597,-0.0549917122520145,-0.615059501254278
-2.89267999577314,0.449431157836506,-1.24687011431454
2.92819302652129,0.415484005204427,-1.00490449271926
-2.84842196351908,0.997481771884972,-1.21140776673228
2.88017697952717,0.996517048755355,-0.981897148887726
-2.73700746813857,1.55137431566511,-1.3357849364481
2.75982013715869,1.54378771486592,-1.20808828215901
-2.69422905215999,1.9771167745501,-0.963058132416423
2.69214516965381,2.00673445537375,-0.916879433537425
-2.52042460890811,2.48651335023534,-1.08226906646686
-2.2919637540164,3.00423307578646,-1.17585932587912
2.27204769297316,2.97441935776465,-1.3466191156018
2.49579955034747,2.50922990497261,-1.18361511510695
-2.01805191627725,3.46790420667352,-1.28881622241034
-2.1752506808261,3.35388440206552,-0.779618612808979
1.9655389414207,3.41897050918914,-1.60596743572754
2.0859936961159,3.41263805372393,-1.12550586812499
-1.89097164430485,3.77522877471217,-0.902741828288726
-1.53849752071934,4.17754256076702,-0.986513380865941
1.47105297577735,4.21111556990719,-1.12044780261208
1.74987972444377,3.82256640729101,-1.37193692271139
-1.20227747671391,4.48420885618976,-0.936308364143659
-0.830069886174805,4.64863310674792,-1.2150213448752
-0.348807031726948,4.75487411830525,-1.43290266554798
-0.406932359432016,4.86440109642812,-0.936813105743842
0.591634770132457,4.72148486621809,-1.31729661890219
0.10100582906409,4.86270227164963,-1.15142834663703
1.00635728590516,4.59860172320583,-1.01963419978397
0.0530035193513382,4.956600265564,-0.651390817787396
-0.730161170463608,-4.76075758510164,-0.924259556709573
-0.838782854871977,-4.78500081950211,-0.386578656433095
-0.379161775823027,-4.92792683403578,-0.562310983804011
0.0887120078876427,-4.94664789280079,-0.713312004272513
0.547923765369483,-4.90101074486388,-0.382293054875016
0.536323589011874,-4.84272765323468,-0.865436635313838
0.96188585770074,-4.68314685632322,-0.705739146154676
-1.57279557122992,-4.22747762460802,-0.507033715449249
-1.2616232728838,-4.53099779953038,-0.220655204536874
1.34722610342831,-4.43468653818418,-0.540220470770784
1.69784114930998,-4.10467146956771,-0.379829631301125
-2.35761255202513,-3.06788123625986,-0.385071255504457
-1.90207893394246,-3.8558391881781,-0.287697874558172
1.94410107947061,-3.73890030836537,-0.72244916559632
2.20000625169205,-3.35740637665669,-0.532260806914897
-2.50171969643818,-2.6696693617159,-0.698470830512941
2.39409053976677,-2.92140498824788,-0.737623679061686
-2.81925840111184,-1.68099351718579,-0.30964116157534
-2.68080583642315,-2.18981258028155,-0.491538341155706
2.56348288847575,-2.43912035772295,-0.89256894826968
2.71880891046357,-2.04834665587149,-0.52072988105622
-2.87234875517351,-1.26245128676768,-0.698909186474291
2.82169171809504,-1.55938446298964,-0.672167064277368
-2.9422394149374,-0.790637744146463,-0.572975495690244
2.91325866703293,-1.15559345730526,-0.298985749723278
-2.98356132229409,-0.287715673167138,-0.43640235217147
2.96285151247166,-0.633008102195062,-0.463258934183245
-2.98830242184026,0.241165381449234,-0.369349157174299
2.9931165262172,0.244362775008646,-0.234264333207005
-2.94377739641013,0.596174579232081,-0.756861123694645
2.95934450218609,0.584320677615556,-0.575820868408503
-2.90473259065407,1.0426083643006,-0.689599285802366
2.92119719937067,1.06148976876438,-0.411545639647569
-2.81936287214427,1.48127866525605,-0.851935478556617
2.8299223229311,1.49769864169597,-0.714965433388863
-2.7749398201359,1.84704541230004,-0.44578695255676
2.73833516630284,1.99845335043295,-0.420802246419958
-2.6269467985638,2.34459372750068,-0.577800928706336
-2.43233982049441,2.83928541533002,-0.710179937910296
2.36287456387013,2.95418457368249,-0.87405418122829
2.57542014376741,2.4738620441986,-0.67497624352472
-2.30994750553901,3.17169431113766,-0.344280216093256
2.1694676948773,3.39317228816842,-0.642277581199347
-2.00051899142593,3.70728478162924,-0.373043050653175
-1.68928340479495,4.09690404942797,-0.537115171821433
1.64752045698256,4.14157121622951,-0.554616919392804
1.85706662326192,3.82652873167353,-0.882023539354999
-1.33812269606589,4.45254129566935,-0.448401527833582
-0.867526166625655,4.73867299527912,-0.67410541541513
-0.952739237526461,4.73742906974881,-0.187998495847106
0.54768535793257,4.84647908334886,-0.823662765531041
1.31629625449861,4.43987959381293,-0.688906300184567
0.940660445399328,4.72278872133535,-0.487208426138096
-0.450437526578765,4.92497226929746,-0.425504173953531
0.00894330617809557,4.99771196357861,-0.150509004974492
0.500682993219666,4.92047798657933,-0.304225990898171
-0.882204770924729,-4.77695589967174,0.13707238809344
-0.419001485764614,-4.95076426140947,-0.0475429452512367
0.066810287000422,-4.99475049870355,-0.200171250781542
0.550726852663081,-4.91403250315234,0.0989160014025862
0.998926677084087,-4.71068731316518,-0.193925151234876
-1.63973577796673,-4.18690694003456,0.0332614839162262
-1.30459459563065,-4.49466844402941,0.265083585444613
1.40092022726589,-4.42129572449623,-0.0232378504844121
1.74639721695977,-4.06233378232976,0.159658379600256
-2.17201758785115,-3.44834823824504,-0.0654385151065124
-1.93944143594946,-3.80589955024732,0.258269980108963
1.98055299998417,-3.75158797290862,-0.171766790555059
2.2037408473024,-3.39260761883159,-0.00295968108002305
-2.55982520545736,-2.6013153034223,-0.176635577442742
-2.72000667508786,-2.10914975872108,0.01659260626231
-2.40141012405784,-2.99347265945817,0.14252810543594
2.57906742806237,-2.52693430733616,-0.371439702618768
2.40839714118725,-2.97434565337918,-0.202756460728644
2.70674098587258,-2.15607270650062,0.0104628593968186
-2.8377610563745,-1.61012613382408,0.195859691087639
2.8287174113518,-1.65924014130757,-0.141909416535154
-2.91271859934122,-1.18502824632062,-0.170987825294738
2.8971486852544,-1.275305862168,0.241659078495962
-2.97160649216073,-0.684795716378372,-0.0451722758963107
2.96241721603349,-0.785089292490662,0.0780449797810926
-2.99785883654104,-0.171809292404815,0.0784530966203245
2.99412938870266,-0.292615988205578,-0.110107550194505
-2.99234544306958,0.351940606353429,0.0595902867621876
2.99648161238445,0.0882040646817655,0.225444997686593
-2.95783207242922,0.80873354768014,-0.209307384086238
2.97185668897382,0.683247432615305,0.00529160624081457
-2.90723541974019,1.21795459215726,0.196874138224837
2.91642231715948,1.16278046947228,0.146627228100269
-2.88176975072511,1.35812353437156,-0.295255405799949
2.84846657555507,1.55683012891964,-0.195070858508924
-2.81344043272622,1.73341987037037,0.0888964820454671
2.74127007949046,2.02767690919964,0.121424855663936
-2.52297718413659,2.69821805256952,-0.194715542155481
-2.68874519000746,2.21711885075388,-0.0534255418186924
2.4241961002138,2.9193081889866,-0.391661555425402
2.61222447106039,2.45398391774543,-0.15229691991152
-2.39107346455954,3.01327676704107,0.19738859187046
-2.17325064074201,3.44681078035404,-0.000183742330968391
2.23515458183951,3.3317907796919,-0.147056930784826
-1.93747976071517,3.8116818822865,0.209240807323579
-1.69252536681892,4.12767744521329,-0.0702829603328375
1.67732095131532,4.14540155283651,-0.0251093918144293
1.95688855630688,3.77375327881376,-0.348609170855456
-1.3545361171682,4.46061750921082,0.0794569272292192
-0.954904876591084,4.72883726877308,0.324345445012888
0.945622903930313,4.74503327174573,0.0276211759170395
1.33702222644785,4.4726466358188,-0.172619622946893
-0.509874025799807,4.92686175538478,0.0623708732166649
-0.0290764385079365,4.98916800748653,0.325352355662177
0.476132400532644,4.93260619367228,0.199168756707195
-0.853799978718547,-4.75041278287183,0.639256989716573
-0.408401294866874,-4.93318315781276,0.447653755071263
0.0641628164434553,-4.98945825639798,0.306383051729886
0.524113253069544,-4.88731819684237,0.592520050492539
0.996378280453416,-4.70651127834271,0.301758252146102
-1.6515710305978,-4.13321220370007,0.58279405433279
-1.24518686183574,-4.49619364300248,0.690887235445185
1.38477655960105,-4.41017813666915,0.472911344599882
1.72287541613201,-4.04338989981165,0.636962462728208
-2.20073477574588,-3.36634742963711,0.462902199623703
-1.95344481685928,-3.71316254780439,0.782669841011565
2.04022456051557,-3.64165855985162,0.419258599235545
2.33676178488823,-3.11612704887772,0.349027052500335
-2.58619557457158,-2.51076253210353,0.342288832294845
-2.41192520664562,-2.89800988465573,0.664936779571335
2.46633462028148,-2.76086864536084,0.693483751626082
2.54532639703438,-2.64085712202507,0.171820726730075
-2.72835317907948,-2.009442928801,0.533486985775663
-2.57954006431202,-2.40440997701389,0.857557277695145
2.65325018135871,-2.2706247980579,0.537995672990711
2.79550266905939,-1.77209687870809,0.389611567874329
-2.83070523102452,-1.49356411175249,0.715005328109125
2.84698601607116,-1.37442695942624,0.772105377774817
-2.91643393649382,-1.11803975516036,0.351221882222723
2.92935648250976,-0.877340138383694,0.627537822759479
-2.96118118206607,-0.651668630390768,0.467035821379167
2.97844431539275,-0.399840669049427,0.445082196781977
-2.97576665837654,-0.223109679233866,0.593700119349114
2.96474346489239,0.0111872330450131,0.764219160087814
-2.95767614630522,0.756134231240964,0.358723749435522
2.97298627883799,0.472508722542841,0.474275379394021
-2.89425634310648,1.08194328598689,0.748820852666268
2.9285218761507,0.915865886433289,0.581635395549019
-2.82359391439589,1.57842961398661,0.601846671914302
2.8490057501373,1.3880591915483,0.725624712025645
-2.71037442166886,2.08757326109143,0.485924464791288
2.82893278426918,1.63003306334424,0.335892255814536
-2.56882122748799,2.55956948856271,0.344217926538519
-2.55893580829328,2.45858002060826,0.875255312310051
-2.39458485661007,2.92275876086313,0.727737371724711
2.45886441522086,2.8620450483305,0.119223402197268
2.61894126616928,2.40333995939235,0.414230138625178
2.43817570020194,2.84460984653578,0.628599392813887
-2.18141434536336,3.39598952530791,0.499008197179207
2.25008363122566,3.28937418520733,0.341280027869167
-1.91453778513439,3.77566511277575,0.750022469334923
-1.64810409429053,4.14930434787021,0.487998544359323
1.7179523447542,4.07330898276524,0.458182265764092
1.9968283090102,3.72835980777582,0.153085265783885
-1.31087826849136,4.45678229158309,0.603119541287403
-0.869657475537758,4.70895753601338,0.851395408787926
0.888006223540877,4.74691141973463,0.525738789821612
1.3320422733362,4.46554470258825,0.360829157103951
-0.506742594737115,4.89562636828517,0.565280738964138
-0.0691420476037593,4.93074175852913,0.821283267988669
0.388798612708218,4.90727908414884,0.706194726732283
-0.438328588774346,-4.85482207206005,0.947102310944104
0.00878273615436217,-4.81049483380824,1.36342406868684
0.0428377073427425,-4.9294327609366,0.834023526906591
0.498406535709283,-4.80555362175848,1.10300914951997
0.951660781834923,-4.67428980312219,0.797055513989689
-1.39420166885911,-4.29945283233575,1.05606138075347
-0.953242848820523,-4.59900344311608,1.15112060294644
-0.516101103072575,-4.73330901556878,1.36231270578591
0.958860638143592,-4.55570750027116,1.30061607254964
1.33515978104427,-4.37384149987932,0.957966817278022
1.64579808048054,-4.02745568833823,1.12052185638129
-2.19220478737411,-3.26712389911114,0.98821202769158
-1.69071536186519,-3.96956515188782,1.1411500853889
1.95338477366851,-3.6710343033514,0.961408828909165
2.22029269616814,-3.26390296257111,0.808286641189651
-2.38473919797435,-2.79433369997265,1.18090203306019
2.33808274263578,-2.90138631526418,1.18189321969723
-2.70698243636562,-1.88670049798601,1.04186815622959
-2.53616783099819,-2.29823029498476,1.36053730947746
2.55541054807945,-2.39840307542722,1.05282094263703
2.72351314064566,-1.89053270703467,0.906450898631264
-2.79432090749196,-1.34734127984737,1.22276144258193
2.75940861465838,-1.49489916818813,1.27056814630342
-2.89166881443127,-0.978014496194836,0.903553200310174
2.86203178807483,-0.954578879319733,1.15558371835369
-2.91935475499443,-0.503647862906761,1.03554842262575
2.92548088603614,-0.460298683011416,1.0073157789309
-2.98022172317738,0.239357187595772,0.520825758078011
2.90063041203384,0.0201160273580939,1.27605896871647
-2.93202923371718,0.57007516786333,0.891642868276938
2.92519371111556,0.494980101277221,0.993086999940235
-2.85167645511721,0.892154859880765,1.27082966046249
2.86308778793177,1.00341526606037,1.10587462671405
-2.79619017875499,1.41869566607927,1.12638732088547
2.75887677086799,1.58214155771577,1.16363543892027
-2.70050444784635,1.93907505080623,0.991171287651291
2.72302028637564,1.96449353687226,0.737555972098109
-2.53631122077218,2.30036574951919,1.35617892635802
-2.3537140713664,2.82956969258326,1.26677937852395
2.33267043197368,2.92223731324116,1.16002768915309
2.55162409636817,2.45248447336915,0.948580280201135
-2.16896654092058,3.31409587145409,0.974138969588735
2.21742949830825,3.26160192256005,0.838830972016213
-1.86742485041475,3.70851880492242,1.24900427703816
-1.58474111105482,4.11435829368893,1.04686796162484
1.48153438047948,4.26414307450817,0.848538060716909
2.00226847541235,3.66229410856136,0.671767203804258
-1.22289228194402,4.43934258192402,1.06684887315604
-0.432510177700099,4.81851755633214,1.12350496829
-0.817462482885997,4.60551515089261,1.39032166698563
-0.333123628074072,4.70320334858446,1.60362854625417
0.672109111375642,4.7611227420708,1.03773930176819
1.00013730745125,4.49320548488895,1.42568012631604
0.542651741962022,4.6889690246024,1.48175393738751
1.12931444954888,4.53915089041807,0.923832874945416
0.118745324683493,4.83462718986837,1.25984603067587
0.522664534847351,-4.66163826553899,1.58439272560683
-1.28834082141753,-4.25650229105601,1.50717330844277
-0.883662214582283,-4.47609121115224,1.67199131237655
-0.383693650783974,-4.62847673540973,1.77995966196356
0.12087948192251,-4.63379190937738,1.86745390155724
0.949866211412324,-4.38930859479339,1.79658889913038
1.34869307897098,-4.21409736971898,1.4794189814125
1.73844844980856,-3.78158543560937,1.51809196829084
-1.93490462445655,-3.58132187456417,1.33211632026103
-1.59540760030087,-3.89395089339481,1.66336949405892
1.61491980626714,-3.70839990962073,2.00085485838967
2.07121842107033,-3.36019621887744,1.338867209191
-2.14541223729111,-3.14840926639956,1.51722810575682
-1.84305552959298,-3.48564947904274,1.84784821540851
1.92155228711572,-3.37145053213677,1.8375954087667
2.19649499905175,-2.95922628132346,1.68562752318515
-2.64608965014293,-1.78911081984206,1.53286157068445
-2.32011345183995,-2.68009441656044,1.69248943967543
2.42264085449926,-2.50703059256729,1.55289910706196
2.61187259311993,-2.01560729555486,1.40984569682997
-2.53953852171924,-1.72191549542891,2.02987864019757
2.62821259484184,-1.64467485080783,1.76282177915834
-2.71680189976818,-1.27864791131367,1.69181761537789
2.75876700513839,-1.10246764247055,1.62587416328938
-2.8271933207533,-0.794886387823874,1.47150145723801
2.83685007759522,-0.517204070921335,1.54198791127918
-2.9350640954459,0.0453930317574599,1.03367865852879
2.81564973162845,0.0288049623623729,1.72547729917692
-2.87018272990368,0.364468603942765,1.40853513882188
2.84287013990271,0.58165018842288,1.4872563000285
-2.73799608932056,1.22577503264154,1.6350914178522
2.76380694808758,1.18634185917315,1.54083728232618
-2.593430017521,1.53453894559139,1.99052563169243
2.63264449750969,1.73126268677123,1.6584510615079
-2.66223512432385,1.75817520647637,1.49041318153171
2.61628830665235,2.08457034971526,1.28092785512591
-2.34164673198271,2.58818396014776,1.75210979662077
-2.12378013398624,3.04076319441848,1.79575986158233
2.1637400006546,3.06334939839956,1.61585011650596
2.41863987739817,2.56100134741189,1.48046454634345
-2.09705449395945,3.27961284433105,1.42424707375309
-1.82326034107075,3.54587287407293,1.78680699898022
-1.491948350346,3.75922581954422,2.16451801465757
2.04103987231469,3.44614926459126,1.24590008537824
1.87218373545138,3.47891595855665,1.77787311417606
1.73006079096091,3.81869849083444,1.45029184833181
-1.5741552016663,3.9444632833351,1.59936687808955
1.77696586035534,3.90166018164681,1.00295334614152
-1.22922178464733,4.3036348144563,1.5104779076103
-0.781585554075192,4.45055077181892,1.86968449539517
0.157478859689833,4.66198420716589,1.78801999564158
-0.233070441895413,4.53227338081267,2.0754768185755
0.673733072891479,4.48374470517017,1.90660822783008
1.40129377865204,4.20549747283687,1.36355388283705
-1.19080878874404,-4.12548079200525,2.01033537367383
-0.760052412578437,-4.33690387741677,2.14163465860898
-0.268214665865902,-4.46635865171648,2.20268235054672
0.131361310239966,-4.38683338360773,2.38909190056311
0.556579783391282,-4.44281395611449,2.09783250602917
0.975335942942758,-4.13689164514247,2.28990884355818
1.33361239518479,-4.04118755298394,1.93092315122287
-1.46836799034319,-3.77857887701017,2.17558322081911
-0.98037148169248,-3.99842542507361,2.51849031127665
1.31340660142068,-3.76722062155148,2.45281055447928
1.66303349235703,-3.4132224046009,2.38064429772267
-2.05717225855,-3.02534938068114,2.02282551521906
-1.73705510411808,-3.34472006729438,2.3305130140785
1.98377310904705,-3.03781081448798,2.2000367523795
2.2379323021086,-2.60627748265022,2.07250075508344
-2.45212171350967,-2.19724174676705,1.86269326789576
-2.2222140114727,-2.53886976806389,2.19927727686525
2.23978087567067,-2.26422312675067,2.43685095997777
2.45423084570367,-2.13873399759518,1.92212630738962
-2.58951787771822,-1.27280107199775,2.18020707188658
-2.33401289299134,-2.04920487587378,2.38085955027393
2.44095118668739,-1.79044553274937,2.28989751643603
2.5978889398917,-1.32183739482399,2.12260425756301
-2.69973341841979,-0.837825902697103,2.0129695183313
2.70386132780467,-0.810153483192977,2.00890268624459
-2.76036586806479,-0.378816226109625,1.92116837327461
2.72197767788188,-0.327123562857004,2.07653155246144
-2.86374713766403,-0.218121016555504,1.47368085186023
2.66759461695686,0.126706601421314,2.28409921248353
-2.78075572305349,0.161617889446967,1.86933907348741
2.740021889363,0.461390772447268,1.98301308731408
-2.76844998759201,0.715390648028958,1.7884214838026
2.71060415210931,0.903006497094988,1.94298858169817
-2.62626592352949,1.05803143924928,2.17289637028817
2.60845302042652,1.41945470702636,2.02115632528875
-2.49713128076516,2.07708968085235,1.83423221208457
-2.42518478208521,1.8380265359286,2.29871692204105
-2.28685281261167,2.34075016505464,2.23471607206217
2.46104162129948,2.20384434041824,1.82176607103528
2.4469930688025,1.87191092790754,2.20527570253655
2.25635244510957,2.32031827378994,2.33968062997635
-2.09509897206283,2.8034049783561,2.22441733118676
2.23493415446971,2.68709138214785,1.97603959348587
-1.83623991688208,3.28449329502614,2.20137604263968
-1.53943753526507,3.42540282199871,2.58527542993406
1.61628085134111,3.57104781525642,2.23406611712708
1.96104853860898,3.12991939560247,2.12628149394672
-1.21983021610525,4.12853849058686,1.95496193417929
-1.15274628972428,3.81060645463978,2.60539836581239
-0.984174210553891,4.10668162557784,2.33336957923264
1.49780195101411,3.91322714911566,1.85875144575393
1.22286042534943,3.93767641528021,2.31102789882132
1.12567778325699,4.24231998035745,1.86624188281898
-0.574042261078805,4.32592313643443,2.31755110786254
-0.114787333031446,4.28711971049612,2.56593145388558
0.278953218823512,4.43584271760999,2.25989975244925
-0.462023233359898,-4.22421992089845,2.56183653287056
0.00956975677094753,-4.14701312211284,2.79321101531174
0.561118037456734,-4.18316885540867,2.5741999544646
-1.33865945973277,-3.62868774990548,2.61817150276408
-0.913987633018972,-3.70725177253517,2.98928129197353
-0.520535235246222,-3.9597106168218,2.92712037468913
-0.0722146101548269,-3.8475712485526,3.19087911317281
0.461357166540817,-3.94187956598048,2.97831064109333
1.70602600867438,-3.0976852095551,2.70546768435844
0.952813062434694,-3.84208354275231,2.77787345028246
-1.94607643190509,-2.86010857729425,2.50992858153322
-1.61542774856339,-3.16424513666365,2.78184199865737
-1.24435592920802,-3.37688639583131,3.04884682128886
1.33915467165718,-3.41549099940098,2.89014436866684
1.9827854992807,-2.7151114002071,2.58988571928185
1.60793070723877,-2.88239413801025,3.08383252401458
-2.08448911674779,-2.37344942410644,2.70130150826868
-1.77153830185985,-2.70507649119281,2.99414895532236
1.96343523934529,-2.39999451353527,2.92086913491278
2.20443223640447,-1.91687514714515,2.79766311023292
-2.40156133117278,-1.55257192356256,2.56294672207581
-2.18537776751199,-1.85822052692386,2.87761955245334
2.16960410136691,-1.4422229679234,3.1375926242708
2.37882950951703,-1.45880762870166,2.6744922015297
-2.49772593403657,-1.01943332751865,2.57511445607223
-2.26580831941517,-1.29090070935771,3.01210510939368
2.51754820746248,-1.04941823506774,2.50859119167026
2.33413544595578,-0.961489594197477,2.99026444086506
-2.59728952754699,-0.54656705613896,2.44184715668333
-2.37770942211402,-0.744169828865154,2.95669389292869
2.5691885307021,-0.622779657032616,2.50535131319913
2.39215637342396,-0.472282330321578,2.98016110160866
-2.65066336861247,-0.0367530919208573,2.34135372890363
-2.46851745815455,-0.230731548338614,2.8319880245165
2.54587009912125,-0.169821467595442,2.63953030290715
2.30839445257451,0.003866767333379,3.19344366015899
-2.65819141754665,0.509302511032194,2.2611687794506
-2.50806300893075,0.30282652151867,2.72672297148113
-2.32529884106004,0.630316600786784,3.09567693767471
2.57289127750766,0.629118908903059,2.49318284821996
2.48079167733161,0.258966774552078,2.79956826486918
2.34320701343747,0.60399615399094,3.06324483189034
-2.4969827932422,0.855557987793788,2.63605572340374
-2.28804593129181,1.14687222722912,3.02367146687861
2.55514644401073,1.07307184003707,2.39019566113052
2.37461764780284,1.03906052466672,2.8734987326104
-2.43528131985246,1.40727707923783,2.55845576940776
-2.19368656007702,1.64319632386324,2.98873132601689
2.41571170313304,1.50735077344167,2.55298228624092
2.21171713398358,1.49582303162415,3.0289401167549
-2.23014647405767,1.99807352783655,2.68184197022773
2.22227286476467,1.94319239012401,2.73970016347611
-1.82889626480376,2.95738091916507,2.6386769450993
-2.04375119318584,2.49660309611091,2.67664348940882
-1.74813116866594,2.60376505782625,3.11955486726678
2.00405438878423,2.77008812717996,2.48403023975892
2.01964245308496,2.38280665300087,2.8269772063415
1.72134003004473,2.84637278205752,2.94407447034828
-1.22247790620593,3.45241788949293,2.98823602115158
-1.54705418999744,3.04613612163773,3.01210660615587
-0.788260433794403,3.41033500062481,3.41227642902699
1.69533393556332,3.21557553171638,2.58385451007837
1.39272807427549,3.22087734287133,3.03939422069291
1.31392853558846,3.59432912490072,2.69911463590976
-0.585359899274278,4.06187041982134,2.74761963585326
-0.840572376551138,3.73350397679723,3.01633487030355
0.409392285427426,4.15427184562367,2.6974922066361
-0.0137666596767347,4.01875391925977,2.97474208873796
0.788006167145889,4.22822825887833,2.32319055315765
0.88606124492715,3.91708969766349,2.73414746939106
-0.512876968418185,-3.61221967837448,3.34980515712135
0.404201738299807,-3.65935677952047,3.33995168695496
0.874781399473861,-3.56727366190487,3.18573147268583
-1.40545942787874,-2.97677242050539,3.26371513770469
-0.93400682595715,-3.29086633614878,3.42738270798423
-0.417896874745977,-3.27829763811169,3.71047969956522
0.0223851341682771,-3.49227273416047,3.57807758711715
0.590510798762967,-3.30781562011115,3.61797406960264
1.14447195316183,-3.19722041737506,3.33757452088138
0.90778828079669,-2.93391378032077,3.75540144798902
-1.89929277689353,-2.22302826549368,3.16825366655494
-1.56354216332035,-2.50246338901808,3.45643506852625
-1.1783206330796,-2.79403759448737,3.65192791429781
1.33849503620779,-2.78005015742878,3.50638569926547
1.71810567437931,-2.40845608412342,3.31657245909471
1.43316304178208,-2.35262189076658,3.70941182079199
-1.99096307520291,-1.73555411004883,3.31314416249819
-1.66515518434334,-2.03026342605576,3.62987188421527
1.9725633592961,-1.93004944592561,3.23520610828248
1.69275800713022,-1.93551767371838,3.64612732478912
-2.13201445383444,-0.846205747606023,3.41432084861423
-2.02402480326532,-1.29400269500301,3.4562841821013
1.90113142479111,-1.4758364216839,3.57521785424878
2.0739908149389,-0.996694738479594,3.47248628311507
-2.23243532919603,-0.380493722782464,3.31834686519617
2.18156805780271,-0.529329364846095,3.39112098880848
-2.30514308780317,0.109098400149994,3.19810293507639
-2.03456221764594,-0.0988181669108775,3.67311598389163
2.05002586410546,-0.106039254018186,3.64895190445005
-2.10009338641097,0.415893501329298,3.54625761362762
2.14273742294035,0.430758158248558,3.4728620133632
-2.08170567296935,0.918616830943618,3.48118474905079
2.12969729859349,1.00058551927628,3.37637532411687
-1.90022893310295,1.86001909809799,3.3926589151424
-2.01184207116257,1.3971603382402,3.43582068356654
-1.66019400649105,1.73439873284307,3.78624184589541
1.95613043226238,1.9790518903235,3.23331659507949
1.99292908547306,1.48526275190365,3.42947667749672
1.70490300885012,1.78829858324442,3.70510963762811
-1.9609517792908,2.17889964931245,3.09369017057944
-1.60205332484483,2.25431366571363,3.57612853500532
1.74745656108747,2.45750075382518,3.23704425498144
1.57032032839109,2.26593882528202,3.6077392553232
-1.18799469208101,3.13448274210711,3.35479551887817
-1.41072716908222,2.713383686711,3.4798493271792
-0.94546376205617,2.94348062839937,3.72194323427934
1.05739437138035,3.20514891978271,3.40899320754705
1.39448546943375,2.80749525110138,3.42291283711449
0.889908993865604,2.95828103805406,3.7481656144933
-0.386299066068133,3.80465709800788,3.17963284133002
-0.319700813455187,3.49865142114286,3.53207098272766
0.505765291642567,3.82037325738708,3.11355049751774
0.135887884163343,3.67689990643659,3.38069726192921
0.948092383404554,3.57385361376849,3.1194043933465
0.574272043957099,3.40336948584184,3.53567494376281
-0.767737516209539,-2.98365630725752,3.8026983542086
0.0522571938464264,-3.12115100820035,3.90523120757772
0.448326138965225,-2.94571958185381,3.97044242041743
-1.28252253733184,-2.30763136854381,3.88661428984932
-0.932246219562075,-2.07258909145864,4.27671076580618
-0.870709483999925,-2.55435157238061,4.04590626154684
-0.364317200116914,-2.83383485688543,4.07439490404522
0.604507644332397,-2.56891551360505,4.16960323833669
1.04927357223457,-2.51020460091957,3.95482096861226
0.874469797254905,-2.12809617720836,4.28334532133603
-1.72245664872044,-1.55711710607221,3.78604241023844
-1.36486724013211,-1.82890110343364,4.05961851320871
1.3035477867395,-2.00488063785032,4.03241259262736
1.55442375623398,-1.55043644536104,3.98552228727003
-1.81082925249749,-1.03304663283422,3.8502203013552
-1.46413717063958,-1.30047715237705,4.16581846342217
1.37219676966051,-1.17737999896517,4.28759046137676
1.76070788078604,-1.07011686504788,3.90429027569502
-1.91204844560597,-0.53276679655149,3.81586169665539
-1.5691381289688,-0.7417626520917,4.19646983742931
1.89398645622031,-0.565512853684896,3.83611695339556
1.56065469979772,-0.681003550644605,4.21551407401617
-1.82897321679907,0.208348055196419,3.95784374619678
-1.64904579622729,-0.190685471500013,4.17251523551953
1.87688006015506,0.265215267776342,3.89158606249966
1.68955305020015,-0.134141386656322,4.12947827058721
-1.82483545872605,0.726158654166949,3.90161834209193
-1.54456091201011,0.422604739191578,4.26550683256645
1.8940237447729,0.779584024728574,3.79834891149506
1.60457807756835,0.493785181778198,4.19574937799585
-1.7642864449863,1.23150144363448,3.8518822419713
-1.4886695467881,0.970614340123485,4.23107216187012
1.78607122487535,1.26601971546001,3.81260316748943
1.53966791259962,0.999916484545115,4.17315589634842
-1.39716197233377,1.49665125235376,4.16384939212513
1.42081555703457,1.52994618856974,4.12937257485612
-1.16511009333645,2.48985926581379,3.87683102686878
-1.30997399161622,2.02592445369102,4.01607705911107
-0.851303059255487,2.24226903342244,4.23782103046653
1.19236088271374,2.54536136953427,3.81731592199979
1.33878768616755,2.00526564726699,4.00001910334547
0.972967357665554,2.23810564052573,4.16668415104008
-0.483269942489181,3.1341805912397,3.81158267308232
-0.665500938171988,2.69434033372845,4.06328389408153
0.0715488461886343,3.29476133091836,3.75903281054768
-0.131000767149548,2.89021760296798,4.0741836247343
0.401210232245299,3.01052039971261,3.93568659888504
0.691973000659507,2.62832109778533,4.0941243542709
-0.498308922497272,-2.3807405852906,4.31767522181673
0.0579673243364184,-2.63609040185267,4.24755146808066
0.360579849021582,-2.21338588932105,4.44294522543797
-1.05469510290853,-1.58053554539877,4.40590036871687
-0.545795843192487,-1.82824493625764,4.5639938233954
-0.145343433624982,-2.19130395484931,4.48770623184588
0.626798427977192,-1.77793117255705,4.55495749411345
1.12436719523865,-1.64644613752159,4.33330636307159
-1.18920035745671,-1.0235648532166,4.47481716147613
-0.755509873022719,-1.30275294689403,4.66018160933067
-0.23804704295002,-1.43457172664983,4.77332141246351
0.0591336466828873,-1.80383652428297,4.66223771350283
0.365165942379509,-1.41533869792698,4.75672264883864
0.89563920439647,-1.30375666602016,4.59042151770054
1.13141294888036,-0.82877186717178,4.55601986656975
-1.28655346318115,-0.45046143898017,4.49435776035868
-0.887939946437661,-0.72169326689944,4.72112858173629
-0.453510470738696,-0.958296963406425,4.84874793437475
0.626166686231416,-0.947289030183223,4.79724079776885
0.84884242326225,-0.473374706580848,4.77225675829659
1.31818796327828,-0.334916444773027,4.47896306341924
-1.29525179728851,0.0987871651088986,4.50888307736228
-0.930612551230522,-0.153521873358639,4.75086993593276
1.36507178478982,0.185299427463014,4.44853849514397
0.973187348297561,-0.0265265876871299,4.72953282494734
-1.1881438883995,0.677536329559213,4.54088039994101
-0.868866143307633,0.383082992389122,4.77034843161326
1.21613307287917,0.736808512715862,4.51096845565696
0.93396072063761,0.426539044791861,4.73234161319725
-1.09260273010663,1.22491264900801,4.49260853328266
-0.641650225847943,1.46811936716801,4.65843028451617
-0.757194664401516,0.930794461656279,4.74773631484108
-0.268512839172553,1.15571230164677,4.84397085837969
0.733146171033488,1.4152917484419,4.63722810770188
0.726505374278404,0.937451704411784,4.75973163670332
0.267268355295976,1.29596029743279,4.80854069919286
1.14318720089191,1.23284177585671,4.4553212383006
-0.993778704410568,1.75632255862261,4.3785852204832
-0.50283957702882,1.96564978611712,4.52038343191482
0.0209789315773403,2.12813998537167,4.52435604955931
-0.118638418483538,1.65076202991952,4.71549438447571
0.411410227330855,1.78067731894288,4.62158264481478
0.971499841388959,1.77637344374155,4.38438109114044
-0.327187122508335,2.44187826266955,4.32895663102481
0.207938890035032,2.57623241402525,4.27117306860704
0.547923333241778,2.18440351239825,4.40391154645897
0.10304622425125,-1.03969701928785,4.88769211488643
-0.525664330604797,-0.392379005297672,4.90698225639428
-0.107332090480146,-0.618734234844646,4.95834321713989
0.375920870086601,-0.519841142866049,4.93327673616825
-0.471794289347505,0.117601984461989,4.93638173437862
-0.0107911668258357,-0.138896694069442,4.99803803957851
0.508468870154922,-0.00977823889628075,4.92765015772235
-0.377332343857936,0.639674546248174,4.91887358201822
0.0313999767708677,0.335460918074602,4.98845940158592
0.503173909555829,0.486059801332807,4.90514597408619
0.155380129088376,0.845723031219677,4.92114709354451
